function [IEN, nel, Nodes, nnd]  = Geometry_BEM_SurfaceFoundation_lin100( )
    

    nel=100;
    nnd=121;
    Nodes=[   -5.00000  -5.00000   0.00000
  -5.00000   5.00000   0.00000
  -5.00000  -4.00000   0.00000
  -5.00000  -3.00000   0.00000
  -5.00000  -2.00000   0.00000
  -5.00000  -1.00000   0.00000
  -5.00000   0.00000   0.00000
  -5.00000   1.00000   0.00000
  -5.00000   2.00000   0.00000
  -5.00000   3.00000   0.00000
  -5.00000   4.00000   0.00000
   5.00000   5.00000   0.00000
  -4.00000   5.00000   0.00000
  -3.00000   5.00000   0.00000
  -2.00000   5.00000   0.00000
  -1.00000   5.00000   0.00000
   0.00000   5.00000   0.00000
   1.00000   5.00000   0.00000
   2.00000   5.00000   0.00000
   3.00000   5.00000   0.00000
   4.00000   5.00000   0.00000
   5.00000  -5.00000   0.00000
   5.00000   4.00000   0.00000
   5.00000   3.00000   0.00000
   5.00000   2.00000   0.00000
   5.00000   1.00000   0.00000
   5.00000   0.00000   0.00000
   5.00000  -1.00000   0.00000
   5.00000  -2.00000   0.00000
   5.00000  -3.00000   0.00000
   5.00000  -4.00000   0.00000
   4.00000  -5.00000   0.00000
   3.00000  -5.00000   0.00000
   2.00000  -5.00000   0.00000
   1.00000  -5.00000   0.00000
   0.00000  -5.00000   0.00000
  -1.00000  -5.00000   0.00000
  -2.00000  -5.00000   0.00000
  -3.00000  -5.00000   0.00000
  -4.00000  -5.00000   0.00000
  -4.00000  -4.00000   0.00000
  -3.00000  -4.00000   0.00000
  -2.00000  -4.00000   0.00000
  -1.00000  -4.00000   0.00000
  -0.00000  -4.00000   0.00000
   1.00000  -4.00000   0.00000
   2.00000  -4.00000   0.00000
   3.00000  -4.00000   0.00000
   4.00000  -4.00000   0.00000
  -4.00000  -3.00000   0.00000
  -3.00000  -3.00000   0.00000
  -2.00000  -3.00000   0.00000
  -1.00000  -3.00000   0.00000
   0.00000  -3.00000   0.00000
   1.00000  -3.00000   0.00000
   2.00000  -3.00000   0.00000
   3.00000  -3.00000   0.00000
   4.00000  -3.00000   0.00000
  -4.00000  -2.00000   0.00000
  -3.00000  -2.00000   0.00000
  -2.00000  -2.00000   0.00000
  -1.00000  -2.00000   0.00000
  -0.00000  -2.00000   0.00000
   1.00000  -2.00000   0.00000
   2.00000  -2.00000   0.00000
   3.00000  -2.00000   0.00000
   4.00000  -2.00000   0.00000
  -4.00000  -1.00000   0.00000
  -3.00000  -1.00000   0.00000
  -2.00000  -1.00000   0.00000
  -1.00000  -1.00000   0.00000
   0.00000  -1.00000   0.00000
   1.00000  -1.00000   0.00000
   2.00000  -1.00000   0.00000
   3.00000  -1.00000   0.00000
   4.00000  -1.00000   0.00000
  -4.00000   0.00000   0.00000
  -3.00000   0.00000   0.00000
  -2.00000   0.00000   0.00000
  -1.00000   0.00000   0.00000
   0.00000   0.00000   0.00000
   1.00000   0.00000   0.00000
   2.00000   0.00000   0.00000
   3.00000   0.00000   0.00000
   4.00000   0.00000   0.00000
  -4.00000   1.00000   0.00000
  -3.00000   1.00000   0.00000
  -2.00000   1.00000   0.00000
  -1.00000   1.00000   0.00000
   0.00000   1.00000   0.00000
   1.00000   1.00000   0.00000
   2.00000   1.00000   0.00000
   3.00000   1.00000   0.00000
   4.00000   1.00000   0.00000
  -4.00000   2.00000   0.00000
  -3.00000   2.00000   0.00000
  -2.00000   2.00000   0.00000
  -1.00000   2.00000   0.00000
   0.00000   2.00000   0.00000
   1.00000   2.00000   0.00000
   2.00000   2.00000   0.00000
   3.00000   2.00000   0.00000
   4.00000   2.00000   0.00000
  -4.00000   3.00000   0.00000
  -3.00000   3.00000   0.00000
  -2.00000   3.00000   0.00000
  -1.00000   3.00000   0.00000
   0.00000   3.00000   0.00000
   1.00000   3.00000   0.00000
   2.00000   3.00000   0.00000
   3.00000   3.00000   0.00000
   4.00000   3.00000   0.00000
  -4.00000   4.00000   0.00000
  -3.00000   4.00000   0.00000
  -2.00000   4.00000   0.00000
  -1.00000   4.00000   0.00000
   0.00000   4.00000   0.00000
   1.00000   4.00000   0.00000
   2.00000   4.00000   0.00000
   3.00000   4.00000   0.00000
   4.00000   4.00000   0.00000
      ];
      
        
   IEN=[        
      1       3      41      40 
      3       4      50      41 
      4       5      59      50 
      5       6      68      59 
      6       7      77      68 
      7       8      86      77 
      8       9      95      86 
      9      10     104      95 
     10      11     113     104 
     11       2      13     113 
     40      41      42      39 
     41      50      51      42 
     50      59      60      51 
     59      68      69      60 
     68      77      78      69 
     77      86      87      78 
     86      95      96      87 
     95     104     105      96 
    104     113     114     105 
    113      13      14     114 
     39      42      43      38 
     42      51      52      43 
     51      60      61      52 
     60      69      70      61 
     69      78      79      70 
     78      87      88      79 
     87      96      97      88 
     96     105     106      97 
    105     114     115     106 
    114      14      15     115 
     38      43      44      37 
     43      52      53      44 
     52      61      62      53 
     61      70      71      62 
     70      79      80      71 
     79      88      89      80 
     88      97      98      89 
     97     106     107      98 
    106     115     116     107 
    115      15      16     116 
     37      44      45      36 
     44      53      54      45 
     53      62      63      54 
     62      71      72      63 
     71      80      81      72 
     80      89      90      81 
     89      98      99      90 
     98     107     108      99 
    107     116     117     108 
    116      16      17     117 
     36      45      46      35 
     45      54      55      46 
     54      63      64      55 
     63      72      73      64 
     72      81      82      73 
     81      90      91      82 
     90      99     100      91 
     99     108     109     100 
    108     117     118     109 
    117      17      18     118 
     35      46      47      34 
     46      55      56      47 
     55      64      65      56 
     64      73      74      65 
     73      82      83      74 
     82      91      92      83 
     91     100     101      92 
    100     109     110     101 
    109     118     119     110 
    118      18      19     119 
     34      47      48      33 
     47      56      57      48 
     56      65      66      57 
     65      74      75      66 
     74      83      84      75 
     83      92      93      84 
     92     101     102      93 
    101     110     111     102 
    110     119     120     111 
    119      19      20     120 
     33      48      49      32 
     48      57      58      49 
     57      66      67      58 
     66      75      76      67 
     75      84      85      76 
     84      93      94      85 
     93     102     103      94 
    102     111     112     103 
    111     120     121     112 
    120      20      21     121 
     32      49      31      22 
     49      58      30      31 
     58      67      29      30 
     67      76      28      29 
     76      85      27      28 
     85      94      26      27 
     94     103      25      26 
    103     112      24      25 
    112     121      23      24 
    121      21      12      23 
    ];


%     interface=1:121;
            


end

