function [IEN, nel, Nodes, nnd]  = Geometry_BEM_lin9( )
    

    nel=9;
    nnd=16;
    Nodes=[ 0.00000   0.00000   0.00000
            0.00000   3.00000   0.00000
            0.00000   1.00000   0.00000
            0.00000   2.00000   0.00000
            3.00000   3.00000   0.00000
            1.00000   3.00000   0.00000
            2.00000   3.00000   0.00000
            3.00000   0.00000   0.00000
            3.00000   2.00000   0.00000
            3.00000   1.00000   0.00000
            2.00000   0.00000   0.00000
            1.00000   0.00000   0.00000
            1.00000   1.00000   0.00000
            2.00000   1.00000   0.00000
            1.00000   2.00000   0.00000
            2.00000   2.00000   0.00000];
      
        
   IEN=[
      1      3     13     12
      3      4     15     13
      4      2      6     15
     12     13     14     11
     13     15     16     14
     15      6      7     16
     11     14     10      8
     14     16      9     10
     16      7      5      9
    ];

end

